1
80 1
848.172652
832.053007
822.106667
784.577041
818.685113
944.039093
843.903597
802.459477
913.838521
730.243286
677.304116
880.638948
857.726044
875.279128
832.326954
780.851323
873.426911
758.768590
803.689928
746.580614
816.735637
828.178234
704.579587
880.989184
845.003124
845.612658
888.617063
760.964322
861.400671
897.581317
752.865553
917.399389
904.190231
915.810522
812.470599
908.458394
799.948089
869.373506
878.835265
743.178389
794.813328
812.030871
872.535190
861.430432
843.183890
932.383480
834.655767
803.913253
810.325881
803.059884
763.337073
846.114055
825.003204
760.006067
814.948303
813.851896
738.234566
784.444257
875.040801
881.034247
803.280763
871.455328
941.084017
778.155103
886.839116
817.735716
752.377512
824.990244
902.018058
939.004788
840.212774
891.567743
843.682190
883.620982
833.330621
881.463489
845.668361
852.852261
792.027474
886.673912
