1
80 1
0.684209
0.882441
0.203511
0.873361
0.059762
0.888599
0.329074
0.314588
0.512089
0.940690
0.047781
0.352231
0.856572
0.396054
0.199157
0.424794
0.385553
0.915416
0.761934
0.505116
0.988371
0.465278
0.058238
0.262274
0.436070
0.156903
0.947565
0.766849
0.268287
0.590805
0.721449
0.941279
0.881635
0.515192
0.774653
0.562145
0.552704
0.114742
0.126138
0.529534
0.268862
0.021037
0.722839
0.032487
0.595277
0.539194
0.968815
0.484213
0.063601
0.551688
0.841096
0.996849
0.430343
0.320299
0.906653
0.191242
0.615429
0.405714
0.041082
0.347288
0.265229
0.686091
0.948790
0.268047
0.811466
0.055360
0.538121
0.070550
0.934033
0.766351
0.657950
0.823896
0.647520
0.968944
0.713958
0.924659
0.517132
0.117064
0.528178
0.126873
